L2 Error: 0.0033820405499318945
L2relativeError : 0.13418855194480603
 y_sym = (1/(2*pi**2))*sin(pi*x1)*sin(pi*x2) 

lambda_parameter = 7000

bw_dir = lambda_parameter * 0.5
bw_neu = 1.0

N = 10000, M = 4000


No of iterations- 18000