L2 Error: 0.00038930399381045854
L2relativeError : 0.24649398603066322


bw_dir = 3000.0
bw_neu = 3000.0

y_sym = x1**2*x2**2*(1-x1)**2*(1-x2)**2